-80.6788103 35.068142
-80.6993024 35.0702913
-80.7272958 35.0627389
-80.7269641 35.059616
-80.7221836 35.0546116
-80.6967905 35.0378619
-80.6944157 35.019411
-80.7091428 35.0187617
-80.7218858 35.020705
-80.7416555 35.0352449
-80.6981821 35.0011807
-80.7026805 35.0010281
-80.7190181 35.0007452
-80.7325685 35.0019773
-80.699172 34.9965531
-80.7051611 34.9842213
-80.6883133 34.984054
-80.6716014 35.0044084
-80.6720903 35.0069745
-80.6726165 35.0105303
-80.669759 35.0195638
-80.6547839 35.0393421
-80.6455843 35.0474895
